PSNR640x480_13:1843241...Bitrate640x480_13:40.509377
PSNR640x480_18:1790270...Bitrate640x480_18:40.161895
PSNR640x480_23:1650907...Bitrate640x480_23:39.600907
PSNR640x480_28:1474153...Bitrate640x480_28:38.718249
PSNR640x480_33:1333525...Bitrate640x480_33:37.451483
PSNR640x480_38:1214366...Bitrate640x480_38:35.829255
PSNR1080x720_13:1918172...Bitrate1080x720_13:45.38327
PSNR1080x720_18:1894918...Bitrate1080x720_18:44.627892
PSNR1080x720_23:1778497...Bitrate1080x720_23:43.659889
PSNR1080x720_28:1607106...Bitrate1080x720_28:42.279639
PSNR1080x720_33:1480614...Bitrate1080x720_33:40.475834
PSNR1080x720_38:1407197...Bitrate1080x720_38:38.333294
PSNR1920x1080_13:2132070...Bitrate1920x1080_13:52.533776
PSNR1920x1080_18:2082041...Bitrate1920x1080_18:50.06815
PSNR1920x1080_23:1990751...Bitrate1920x1080_23:48.019517
PSNR1920x1080_28:1718840...Bitrate1920x1080_28:45.918842
PSNR1920x1080_33:1551861...Bitrate1920x1080_33:43.513038
PSNR1920x1080_38:1471717...Bitrate1920x1080_38:40.855594
