PSNR640x480_13:2110781...Bitrate640x480_13:40.037651
PSNR640x480_18:2085115...Bitrate640x480_18:39.628879
PSNR640x480_23:1991075...Bitrate640x480_23:38.944134
PSNR640x480_28:1872017...Bitrate640x480_28:37.864361
PSNR640x480_33:1755378...Bitrate640x480_33:36.32678
PSNR640x480_38:1633792...Bitrate640x480_38:34.400818
PSNR1080x720_13:2146645...Bitrate1080x720_13:45.020683
PSNR1080x720_18:2125827...Bitrate1080x720_18:44.136654
PSNR1080x720_23:2050966...Bitrate1080x720_23:42.976775
PSNR1080x720_28:1948216...Bitrate1080x720_28:41.383095
PSNR1080x720_33:1882522...Bitrate1080x720_33:39.382378
PSNR1080x720_38:1827452...Bitrate1080x720_38:37.068703
PSNR1920x1080_13:2287530...Bitrate1920x1080_13:51.71603
PSNR1920x1080_18:2252734...Bitrate1920x1080_18:49.170906
PSNR1920x1080_23:2177289...Bitrate1920x1080_23:47.032666
PSNR1920x1080_28:2005368...Bitrate1920x1080_28:44.822793
PSNR1920x1080_33:1892673...Bitrate1920x1080_33:42.385463
PSNR1920x1080_38:1870527...Bitrate1920x1080_38:39.728819
