PSNR640x480_18:1947218...Bitrate640x480_18:37.989112
PSNR640x480_23:1833190...Bitrate640x480_23:37.300288
PSNR640x480_28:1666753...Bitrate640x480_28:36.226605
PSNR640x480_33:1452056...Bitrate640x480_33:34.757252
PSNR640x480_38:1207702...Bitrate640x480_38:32.981107
PSNR640x480_43:957581...Bitrate640x480_43:30.960556
PSNR640x480_48:688766...Bitrate640x480_48:28.765636
PSNR640x480_53:549143...Bitrate640x480_53:27.479098
PSNR1080x720_18:2000756...Bitrate1080x720_18:42.265856
PSNR1080x720_23:1920634...Bitrate1080x720_23:41.106768
PSNR1080x720_28:1794755...Bitrate1080x720_28:39.526254
PSNR1080x720_33:1637351...Bitrate1080x720_33:37.555181
PSNR1080x720_38:1456592...Bitrate1080x720_38:35.329165
PSNR1080x720_43:1205169...Bitrate1080x720_43:32.889948
PSNR1080x720_48:910735...Bitrate1080x720_48:30.38129
PSNR1080x720_53:738035...Bitrate1080x720_53:28.97396
PSNR1920x1080_18:2135113...Bitrate1920x1080_18:47.979155
PSNR1920x1080_23:2038513...Bitrate1920x1080_23:45.629327
PSNR1920x1080_28:1839164...Bitrate1920x1080_28:43.194087
PSNR1920x1080_33:1664696...Bitrate1920x1080_33:40.594273
PSNR1920x1080_38:1501362...Bitrate1920x1080_38:37.871489
PSNR1920x1080_43:1320551...Bitrate1920x1080_43:35.029869
PSNR1920x1080_48:1084981...Bitrate1920x1080_48:32.074383
PSNR1920x1080_53:933371...Bitrate1920x1080_53:30.406374
